378769
378881
385500
396553
396559
396566
399135
399140
399152
400313
402761
403262
403518
403556
403883
403909
403918
403985
406278
407284
407745
411239
413944
414133
416552
417523
417526
419993
419996
420982
421008
421012
421017
421102
421316
421367
421398
423745
423750
423761
424932
424938
425728
427329
427333
431450
431465
431563
431593
431601
431672
431707
431742
431776
431793
435390
435884
436403
436440
436462
437856
438483
438568
442161
444984
445399
445402
445405
447859
448892
451099
451101
451424
451433
451438
451447
452161
452421
452578
452587
462352
462955
462965
463245
463249
463258
463261
463269
463273
463282
463286
463303
463307
463313
463316
463322
463327
463332
463337
463344
463347
463351
463355
463360
463363
463368
463371
463376
463378
463401
463405
463407
463411
463417
463421
463423
463428
463701
463724
463725
464664
465644
465646
465648
465649
465650
465885
466517
466525
466535
466542
466544
466547
467251
469503
469613
469616
469618
469645
470726
471641
471644
473323
474389
474443
474510
474518
474526
474889
474963
474980
475064
475113
475161
475954
475955
475956
476549
476551
476553
480786
480801
480802
481062
481077
481078
481079
481681
481717
482084
482218
482346
482375
482406
482407
482422
482425
482436
482490
482566
482587
482588
482636
482753
482789
483519
483879
483880
483881
484740
484741
484742
484744
485040
485539
485540
485543
485574
485601
485602
485631
485892
486133
486199
486692
486693
486694
486695
486697
486698
487314
487413
487579
488234
488242
488361
488808
488984
489032
489273
490077
490654
490655
490853
490854
490869
492352
492354
492356
492358
492361
492363
492364
492365
492366
493507
493509
493510
493578
493953
496496
496873
496950
497034
497036
497226
497485
497486
497487
497830
497840
497841
497842
497844
497845
498098
498103
498107
498285
498879
498880
498888
498919
498963
499214
499218
499221
499224
499228
499231
499275
499343
499391
499420
499486
499510
499860
500048
500557
500713
500715
500753
500775
500791
500808
500816
500824
500825
500840
500855
500863
500885
501059
501202
501207
501208
501209
501853
501856
501978
502420
502421
502667
502684
502767
502800
502818
502834
502850
502873
502875
502899
502907
502937
502938
503071
503188
503546
503762
504146
507096
507105
507120
507121
507131
507193
507264
507280
507314
507322
507323
507518
507535
507536
507537
507545
507875
507904
508050
508079
508137
508138
508140
508170
508270
508279
508281
508311
508335
509848
509924
510056
510059
510061
510079
510087
510215
510220
510223
510224
510690
510970
511422
511906
511907
512125
514187
514523
514532
515406
515407
515409
515947
517673
517675
517676
517677
517678
517680
517681
517682
517683
518203
518204
518206
518913
519465
519468
520126
520127
520129
521814
521939
521954
521963
522832
523390
524105
524171
524420
526916
526920
527100
527110
527199
527360
527408
527468
527469
527477
527478
527494
527495
527504
527505
527653
527685
527717
527782
527790
527791
527792
527800
527815
527816
527824
527964
527982
528018
528101
528129
528267
528323
528324
528325
528389
528413
528487
528628
528819
528821
528822
530784
531004
531258
531333
531468
531477
531495
531496
531532
531533
531576
531636
531878
531910
531934
531973
532481
532707
532765
532846
532854
532855
532864
532865
532867
533278
533281
533282
533285
533286
533929
534691
534725
534747
534836
535051
535068
535080
544581
544680
545015
545017
546481
546483
546646
546647
547299
547411
547946
547947
548714
548795
548796
548858
548898
549019
549095
549546
551199
551781
552316
552326
552327
552329
553441
554051
554052
554053
555371
555418
555963
556131
556146
556162
556229
556237
556259
556267
556268
556269
556270
556271
556281
556287
556289
556312
556382
556677
556678
558831
559199
559208
559209
559210
559211
559302
559852
559867
559891
560269
562086
562375
563013
563060
563118
563152
563153
563179
563282
563377
563426
563639
563651
563652
563653
563655
563698
563808
574454
574464
574486
574545
575307
575308
575319
576901
576916
577009
577021
577053
577224
577232
577471
577669
577821
577878
577960
578061
578085
578178
578305
578354
578421
578429
578437
578438
578439
578440
578441
578442
578457
578465
580279
580294
580295
580298
580306
580309
580320
580336
580337
580520
580696
580697
580713
580723
580834
580843
580875
580876
580879
580882
580886
580891
580895
580900
580904
580908
580912
580914
580916
580918
580921
580924
580925
580965
581091
581100
581315
581407
581574
581622
583964
583965
583973
583974
584273
584288
584649
584651
584653
584656
584658
585449
586638
587239
587427
587443
587444
587445
587500
587501
587533
587589
587618
587767
587912
587918
588160
588209
588441
588496
591363
591973
592056
593270
595000
597594
597912
597920
597942
597973
598070
598073
598082
598111
598119
598134
598366
598375
598390
598391
598399
598411
598412
598427
598429
598431
598439
598440
598441
598449
598471
598494
598651
599443
601394
601984
602044
602110
602230
602319
602520
602521
602543
602778
602816
603536
605660
605661
605662
605838
606384
606399
606421
606422
606437
606452
611849
612193
612212
612227
612303
612316
612483
613593
613745
613747
613769
613770
614000
615061
615062
615063
615064
615065
615066
615067
615068
615069
615070
615071
615072
615073
616085
616128
616217
617197
619541
619745
619832
620025
620179
622387
623060
623233
623234
623235
623699
623710
623746
623747
623791
623799
623822
623825
623833
623869
623870
623909
624096
624097
624136
624160
624175
624218
624242
624592
626109
626297
626360
626361
626362
626388
626396
626398
626414
626419
626423
626438
626462
626463
626471
626847
626855
626857
626860
626869
628082
628275
628311
628658
628948
629435
629442
629445
629449
629450
629451
629453
629454
629457
629466
629482
629491
629494
629498
629791
629818
629851
629859
629860
629861
629862
630022
630058
630087
630177
630185
630186
630331
630332
630352
630355
630364
630365
630527
630622
630655
630845
630897
630905
630907
631072
631073
631083
631085
631086
631822
631830
631843
631855
631862
631869
631876
631883
631889
631897
631904
631906
631907
631908
631909
631910
631911
631912
631913
631914
631915
633195
633487
633560
633679
633821
633839
633848
633938
633957
635791
635813
635828
635857
636769
637005
637105
637114
637132
637142
637151
637161
637174
637175
637176
637177
637192
637193
637194
637202
637203
637213
637267
637312
637320
637321
637332
637366
637388
637404
637442
637443
637557
637646
637668
637676
637684
637738
637885
637889
637940
637961
638033
638041
638045
638050
638074
638075
638083
638084
638214
638245
638252
638260
638261
638262
638263
638299
638300
638301
638323
638385
638386
638394
638395
638396
638397
638398
638399
638400
638415
638416
638417
638426
638453
638474
638488
638500
638510
638521
641499
641777
641786
641787
641788
641789
641926
641927
641928
641931
641932
641933
641934
641935
641936
641937
641938
641939
641940
641941
641942
642009
642119
642126
642135
642143
642151
642157
642158
642160
642161
642162
642165
642974
642980
642983
643424
644423
644424
644425
644426
644427
644428
644429
644430
644431
644432
644496
644497
644720
644753
644763
644773
644867
644869
644870
645167
645169
645170
645175
645176
645177
645179
645180
645181
645182
645183
645184
645185
645186
645187
645299
645300
645301
645302
645303
645304
645305
645306
645307
645457
645458
645459
645460
645461
645462
645463
645493
645495
645496
645499
645501
645502
645504
645505
645506
645508
645509
645510
645511
645512
645513
645639
645643
645644
645983
646431
646443
646446
646448
646872
647584
647607
647617
647754
647759
647866
647867
647868
647869
647870
647871
647872
647873
647874
647875
647954
647955
648018
648066
648150
648172
648195
648207
648231
648237
648247
648259
648260
648380
648390
648392
648650
648653
648664
648666
648668
648671
648673
648674
648677
648679
648712
648736
648737
648738
648746
648747
648748
648756
648995
649010
649026
649095
649201
649418
649440
649441
649449
649457
649458
649459
649481
649482
649483
649658
650004
650009
651251
651270
651731
651764
651921
651922
651966
652033
652048
652056
652057
652087
652099
652107
652108
652109
652124
652125
652126
652127
652128
652129
652130
652147
652148
652149
652164
652165
652166
652168
652170
652185
652200
652209
652211
652212
652215
652216
652218
652219
652221
652223
652224
652233
652256
652257
652258
652259
652260
652261
652262
652263
652264
652332
652354
652355
652357
652358
652360
652365
652366
652368
653624
653625
653688
653693
653971
654055
654056
654907
654925
655289
655369
655399
655414
655460
655483
655484
655629
655630
655631
655632
655633
655641
655642
655643
655644
655645
655647
655648
655649
655664
655740
655750
655865
655874
655876
655878
655881
655883
655884
655886
655887
655888
655889
655890
655891
655892
655893
655894
655895
655896
655897
655898
655899
655900
655901
655902
655903
655904
655905
655906
655907
655908
655909
655910
655911
655912
655913
655914
655915
655916
655917
655918
655919
655920
655921
655922
655923
655956
655957
655958
656202
656203
656211
656219
656220
656279
656311
656312
656320
656321
656322
656337
656338
656361
656376
656377
656378
656386
656387
656395
656425
656443
656451
656452
656453
656484
656666
656667
656668
656676
656677
656678
656679
656680
656681
656689
656690
656691
656692
656707
656710
656718
656719
656720
656779
657416
657421
657423
657618
657619
657996
658423
658502
658712
658828
658829
658830
658831
658833
658834
658835
658836
658837
658901
658902
658969
659108
659297
659394
659488
659490
659492
659493
659499
659500
659501
659502
659503
659504
659505
659590
659591
659592
659593
659594
659595
659596
659597
659598
659599
659600
659601
659602
659603
659604
659605
659644
659645
659646
659647
659648
659670
659671
659672
659673
659681
659688
659691
659693
659696
659698
659701
659704
659706
659710
659711
659713
659716
659717
659719
659721
659723
659726
659727
659730
659732
659734
659736
659739
659741
659752
659754
659756
659758
659759
659760
659761
659762
659763
659764
659765
659766
659767
659769
659771
659772
659773
659774
659775
659776
659777
659778
659779
659780
659781
659782
659783
659784
659785
659786
659807
659808
659809
659811
659812
659813
659814
659815
659816
659817
659818
659819
659820
659821
659822
659823
659824
659825
659826
659827
659828
659829
659830
659831
659832
659833
659834
659835
659836
659837
659838
659839
659840
659841
659842
659843
659844
659845
659846
659847
659855
659870
659871
659879
659888
659889
659911
659919
659944
659945
659946
659947
659948
659956
659973
659974
659975
660055
660056
660057
660058
660059
660060
660061
660062
660063
660064
660065
660066
660067
660068
660069
660070
660071
660072
660073
660074
660075
660100
660108
660475
660476
660491
660492
660493
660496
660499
660500
660501
660602
660633
660634
660635
660636
660637
660673
661212
661219
661407
661408
661409
661410
661411
661412
661413
661414
661415
661416
661417
661418
661419
661420
661421
661422
661423
661424
661425
661426
661427
661428
661429
661547
661552
661553
661554
661635
662172
662216
662475
662489
662490
662611
662626
662628
662629
662694
662831
662839
662873
662874
662900
662907
662915
662923
662932
662933
662937
662940
662950
662955
662958
662960
662967
662970
662972
662974
662976
662977
662978
662979
663321
663322
663330
663331
663332
663333
663334
663365
663366
663398
663399
663400
663401
663403
663404
663405
663406
663407
663408
663409
663411
663412
663413
663414
663415
663417
663418
663419
663420
663421
663422
663424
663425
663426
663427
663428
663429
663431
663432
663522
663523
663524
663525
663526
663527
663528
663698
663699
663700
663701
663702
663703
663704
663705
663706
663707
663708
663709
663710
663711
663712
663745
663832
663847
663848
663849
663873
663961
663989
663990
664005
664006
664007
664015
664245
664340
664342
664364
664505
664513
665920
665921
665927
665929
666070
666071
666072
666074
666175
666176
666177
666178
666179
666243
666453
666468
666473
666488
666493
666497
666506
666512
666514
666520
666521
666526
666533
666552
666568
666634
666635
666658
666660
666669
666670
666671
666672
666673
666674
666675
666676
666677
666678
666679
666680
666681
666682
666683
666715
666720
666761
666959
666989
666990
666991
666992
666994
666995
666996
666997
666999
667000
667001
667002
667003
667004
667006
667007
667008
667009
667011
667012
667013
667014
667015
667016
667017
667018
667020
667021
667043
667044
667045
667046
667047
667048
667049
667050
667051
667052
667053
667054
667055
667056
667057
667058
667059
667060
667061
667062
667063
667064
667065
667066
667067
667068
667069
667070
667071
667072
667073
667074
667167
667168
667169
667170
667171
667172
667173
667174
667175
667176
667177
667178
667179
667180
667181
667182
667183
667184
667185
667186
667187
667188
667189
667190
667191
667192
667193
667194
667195
667196
667330
667331
667332
667333
667334
667335
667336
667338
667340
667341
667342
667343
667344
667345
667346
667347
667348
667349
667408
667409
667410
667411
667412
667413
667534
667551
667556
667569
667570
667571
667573
667575
667576
667823
668360
668363
668367
668502
668509
668511
668512
668513
668649
668998
669167
669168
669169
669170
669171
669172
669173
669174
669385
669505
669507
669509
669510
669514
669516
669517
669518
669519
669520
669521
669522
669523
669524
669525
669952
669961
670032
670033
670044
670045
670063
670064
670075
670076
670105
670106
670113
670114
670140
670142
670168
670170
670190
670193
670203
670300
670301
670302
670303
670304
670305
670306
670307
670308
671775
671796
671924
671925
671926
671927
671928
671929
671931
671932
671933
671934
671936
671937
671938
671939
671940
671941
671942
671944
671945
671946
671947
671948
671949
671950
671952
671953
671977
672628
672640
672641
672644
672647
672710
672831
672834
673074
673076
673077
673079
673080
673081
673084
673085
673086
673087
673088
673089
673090
673091
673092
673093
673094
673095
673096
673097
673098
673099
673100
673101
673102
673103
673105
673106
673113
673116
673117
673118
673120
673121
673122
673123
673124
673125
673126
673213
673214
673215
673216
673237
673238
673239
673240
673241
673242
673243
673244
673245
673246
673247
673311
673312
673313
673314
673315
673316
673317
673472
673509
673510
673520
673527
673528
673543
673547
673548
673550
673553
673565
673567
673600
673605
673606
673607
673608
673609
673610
673728
673729
673730
673837
673931
673990
673991
673992
673993
673994
674002
674024
674025
674026
674027
674030
674031
674032
674033
674035
674036
674037
674038
674040
674042
674043
674044
674045
674046
674048
674049
674050
674052
674053
674054
674055
674056
674057
674058
674059
674060
674061
674304
674305
674306
674307
674308
674310
674332
674334
674336
674340
674341
674342
674344
674346
674347
674348
674349
674378
674379
674381
674389
674391
674406
674414
674422
674437
674438
674441
674442
674483
674497
674523
674528
674535
674540
674546
674556
674583
674584
674585
674586
674587
674588
674589
674590
674591
674592
674593
674626
674627
674655
674656
674657
674658
674659
674660
674661
674662
674811
674819
674921
674973
675367
675368
675370
675371
675372
675373
675374
675376
675381
675387
675390
675569
675570
675572
675573
675574
675704
675705
676634
676635
676769
676770
676772
676773
676774
676775
676778
676779
676801
676802
676967
676983
676997
677005
677006
677008
677088
677089
677090
677091
677092
677100
677101
677102
677103
677164
677165
677180
677182
677209
677210
677228
677230
677326
677441
677442
677649
677651
677656
677657
677658
677659
677660
677661
677662
677663
677848
677856
677857
677872
677873
677881
677882
677883
677884
677885
677886
677887
677888
677889
677890
677891
677892
677893
677894
677895
677896
677897
677898
677899
677900
677938
677961
677963
677965
677969
677970
677971
678472
678473
678483
678492
678493
678508
678516
678602
678625
678626
678627
678628
678643
678644
678652
678660
678668
678683
678684
678685
678693
678701
678716
678717
678764
678765
678780
678846
678847
678848
678849
679108
679110
679111
679113
679116
679118
679119
679121
679122
679124
679126
679128
679129
679130
679132
679134
679135
679137
679139
679140
679142
679143
679145
679147
679148
679150
679152
679198
679276
679478
679481
679482
679483
679992
679997
679999
680002
680006
680091
680260
680261
680297
680315
680329
680332
680340
680341
680342
680468
680897
680921
680923
680926
680927
680930
681040
681056
681058
681059
681067
681068
681069
681070
681071
681072
681073
681074
681075
681076
681077
681078
681079
681080
681088
681110
681158
681159
681160
681161
681162
681163
681164
681165
681166
681167
681168
681169
681170
681171
681172
681173
681174
681176
681177
681178
681180
681181
681184
681185
681186
681187
681192
681193
681194
681195
681208
681209
681210
681211
681261
681271
681272
681280
681281
681382
681406
681436
681438
681441
681442
681443
681445
681446
681448
681450
681451
681452
681453
681454
681563
681594
681596
681598
681599
681601
681603
681605
681606
681607
681608
681609
681610
681611
681612
681613
681614
681615
681616
681617
681618
681619
681620
681621
681622
681623
681624
681625
681626
681627
681628
681629
681630
681631
681632
681633
681641
681708
681709
681710
681711
681712
681713
681714
681715
681716
681717
681718
681719
681720
681721
681722
681723
681724
681725
681726
681727
681758
681789
681791
681793
681797
681798
681799
681800
681801
681802
681803
681804
681805
681806
681807
681808
681890
681898
681950
681965
681984
682016
682029
682591
682606
682614
682737
682738
682835
682837
682840
682844
682849
682851
682852
682854
682858
682859
682862
682865
682867
682871
682935
682936
682938
682941
682942
682944
682947
682948
682949
682956
682957
682959
682960
682962
682963
683025
683026
683029
683221
683222
683227
683228
683229
683230
683231
683232
683233
683234
683235
683483
683484
683660
683661
683662
684034
684038
684046
684047
684048
684049
684054
684056
684057
684058
684062
684064
684066
684069
684071
684072
684073
684078
684079
684080
684083
684084
684090
684098
684099
684100
684101
684345
684353
684418
684419
684420
684435
684444
684445
684453
684498
684516
684522
684586
684640
684641
684642
684647
684663
684664
684666
684676
684687
684694
684696
684699
684701
684706
684707
684710
684711
684712
684713
684715
684716
684718
684720
684721
684722
684723
684724
684725
684726
684727
684728
684729
684730
684731
684732
684734
684735
684736
684737
684738
684739
684740
684741
684742
684743
684745
684746
684747
684748
684749
684750
684751
684752
684753
684754
684755
684756
684757
684758
684759
684760
684761
684762
684763
684764
684765
684766
684791
684792
684793
684794
684795
684796
684797
684798
684799
684800
684801
684802
684803
684804
684805
684806
684807
684808
684809
684810
684811
684812
684813
684814
684815
684816
684817
684818
684819
684820
684821
684822
684823
684831
684867
684980
684981
684982
684983
684984
684985
684986
684987
684988
684989
684990
684991
684992
684997
685001
685023
685024
685025
685026
685027
685028
685029
685030
685031
685032
685033
685034
685035
685036
685037
685059
685119
685163
685222
685237
685238
685253
685261
685262
685263
685264
685265
685266
685267
685268
685289
685290
685291
685292
685293
685294
685295
685296
685297
685298
685299
685300
685301
685302
685303
685304
685305
685306
685307
685402
685404
685426
685427
685428
685429
685430
685431
685432
685559
685560
685561
685562
685563
685564
685565
685573
685624
685625
685649
685687
685693
685695
685701
685710
685719
685724
685730
685731
685732
685733
685790
685849
685850
685851
685852
685853
685854
685855
685974
685975
685977
685978
685979
685980
685981
686048
686049
686057
686058
686059
686060
686075
686085
686114
686115
686116
686117
686118
686119
686120
686148
686149
686150
686161
686174
686196
686198
686199
686207
686208
686209
686210
686211
686212
686213
686214
686222
686223
686224
686239
686242
686250
686251
686252
686260
686261
686262
686263
686285
686286
686287
686288
686289
686290
686291
686292
686300
686301
686302
686303
686304
686319
686320
686321
686342
686343
686365
686366
686367
686368
686374
686377
686378
686379
686380
686381
686396
686397
686398
686401
686409
686410
686411
686412
686413
686421
686422
686423
686424
686439
686440
686441
686449
686450
686451
686452
686453
686454
686455
686456
686606
686608
686609
686611
686614
686616
686618
686619
686630
686631
686632
686633
686634
686635
686636
686637
686638
686639
686640
686641
686642
686643
686644
686645
686646
686647
686648
686649
686650
686651
686652
686653
686654
686655
686656
686657
686658
686659
686716
686717
686718
686719
686720
686721
686780
686781
686782
686783
686784
686785
686786
686794
686795
686796
686822
686823
686824
686825
686826
686827
686828
686829
686830
686831
686832
686833
686834
686835
686836
686837
686870
686929
686930
686931
686932
686933
686934
686935
686992
687024
687320
687321
687322
687323
687381
687444
687445
687446
687447
687448
687449
687450
687565
687566
687567
687568
687569
687570
687571
687691
687692
687693
687694
687695
687696
687697
687698
687699
687700
687701
687702
687703
687704
687705
687706
687707
687708
687709
687710
687711
687713
687714
687715
687716
687717
687718
687719
687720
687721
687722
687723
687724
687725
687726
687727
687728
687729
687730
687731
687732
687733
687734
687735
687736
687737
687738
687739
687740
687741
687742
687743
687744
687745
687746
687747
687748
687749
687750
687751
687752
687897
687898
687899
687900
687901
687902
687903
687960
687961
687962
687963
687966
687967
688027
688028
688029
688030
688031
688032
688033
688041
688063
688064
688065
688066
688074
688075
688076
688091
688092
688093
688094
688102
688126
688127
688129
688131
688132
688133
688134
688135
688141
688144
688145
688146
688147
688155
688156
688178
688179
688180
688181
688182
688183
688184
688185
688186
688187
688303
688304
688305
688306
688312
688313
688314
688315
688317
688318
688321
688322
688323
688327
688328
688330
688335
688336
688339
688342
688343
688346
688390
688391
688392
688393
688394
688395
688396
688397
688398
688399
688400
688401
688402
688403
688404
688412
688414
688415
688418
688421
688422
688428
688433
688434
688435
688443
688444
688452
688453
688475
688476
688477
688515
688516
688517
688518
688533
688534
688535
688543
688546
688547
688548
688549
688550
688551
688580
688581
688582
688583
688584
688585
688586
688587
688588
688589
688590
688591
688592
688593
688594
688623
688624
688625
688626
688627
688628
688629
688630
688631
688633
688634
688635
688636
688637
688638
688669
688670
688671
688672
688730
688780
688840
688841
688842
688843
688844
688845
688846
688847
688848
688849
688850
688851
688852
688853
688854
688855
688856
688857
688858
688859
688860
688861
688862
688863
688864
688865
688866
688867
688868
688869
688870
688871
688872
688873
688874
688875
688876
688877
688878
688879
688880
688881
688987
688989
688993
688995
688997
688998
689000
689001
689002
689003
689004
689005
689006
689007
689008
689009
689011
689012
689013
689014
689015
689016
689017
689018
689019
689020
689021
689023
689024
689025
689026
689027
689028
689029
689030
689031
689052
689053
689054
689055
689056
689057
689058
689059
689060
689061
689062
689063
689064
689065
689066
689067
689068
689069
689070
689071
689072
689073
689074
689075
689076
689077
689078
689079
689080
689081
689082
689083
689084
689085
689086
689087
689088
689089
689090
689091
689092
689093
689094
689095
689096
689097
689098
689099
689100
689101
689102
689103
689104
689105
689106
689107
689110
689111
689112
689113
689114
689115
689116
689117
689118
689119
689120
689121
689122
689123
689124
689125
689126
689127
689128
689129
689130
689131
689132
689133
689154
689155
689156
689157
689158
689159
689160
689161
689162
689163
689164
689165
689166
689167
689168
689169
689170
689171
689172
689173
689174
689175
689176
689177
689178
689179
689180
689181
689182
689183
689184
689185
689186
689187
689188
689189
689190
689191
689192
689193
689194
689195
689196
689197
689198
689199
689200
689201
689202
689203
689204
689205
689206
689207
689208
689209
689210
689211
689212
689213
689214
689215
689216
689217
689218
689219
689220
689221
689222
689223
689224
689225
689226
689227
689228
689229
689230
689231
689232
689233
689257
689258
689259
689260
689261
689262
689263
689264
689265
689266
689267
689268
689269
689270
689271
689272
689273
689274
689275
689276
689277
689282
689285
689287
689289
689292
689293
689296
689298
689302
689306
689310
689312
689313
689314
689317
689320
689324
689333
689334
689335
689337
689338
689339
689342
689346
689347
689353
689356
689357
689359
689365
689367
689368
689369
689370
689371
689372
689373
689374
689375
689376
689377
689378
689379
689380
689381
689382
689383
689384
689385
689386
689387
689388
689389
689390
689391
689392
689393
689394
689415
689416
689417
689418
689419
689420
689421
689422
689423
689424
689425
689426
689427
689428
689429
689430
689431
689432
689433
689434
689435
689436
689437
689438
689439
689440
689441
689442
689443
689444
689445
689446
689447
689448
689449
689450
689451
689452
689453
689454
689455
689456
689457
689458
689459
689460
689461
689462
689463
689464
689465
689466
689467
689468
689469
689470
689471
689472
689473
689474
689475
689476
689477
689478
689479
689480
689481
689482
689483
689484
689485
689486
689487
689488
689489
689490
689494
689495
689496
689497
689518
689519
689520
689521
689522
689523
689524
689525
689526
689527
689528
689529
689530
689531
689532
689533
689534
689535
689536
689537
689538
689539
689540
689541
689542
689543
689544
689545
689546
689547
689548
689549
689550
689551
689552
689553
689554
689555
689556
689557
689558
689559
689560
689561
689562
689563
689564
689565
689566
689567
689568
689569
689570
689571
689572
689573
689574
689575
689576
689577
689578
689579
689580
689581
689582
689583
689584
689585
689586
689587
689588
689589
689590
689591
689592
689593
689594
689595
689596
689597
689620
689621
689622
689623
689624
689625
689626
689627
689628
689629
689630
689631
689632
689633
689634
689635
689636
689637
689638
689639
689640
689641
689642
689643
689644
689645
689646
689647
689648
689649
689650
689651
689652
689653
689654
689655
689656
689657
689658
689659
689660
689661
689662
689663
689664
689665
689666
689667
689668
689669
689670
689671
689672
689673
689674
689675
689676
689677
689678
689679
689680
689681
689682
689683
689684
689685
689686
689687
689688
689689
689690
689691
689692
689693
689694
689695
689696
689697
689698
689699
689720
689721
689722
689723
689724
689725
689726
689727
689728
689729
689730
689731
689732
689733
689734
689735
689736
689737
689738
689739
689740
689741
689742
689743
689744
689745
689748
689749
689750
689751
689752
689753
689754
689755
689756
689757
689758
689759
689760
689761
689762
689763
689764
689765
689766
689767
689768
689769
689770
689771
689772
689773
689774
689775
689776
689777
689778
689779
689780
689781
689782
689783
689784
689785
689786
689787
689788
689789
689790
689791
689792
689793
689794
689795
689796
689797
689798
689799
689800
689801
689822
689823
689824
689825
689826
689827
689828
689829
689830
689831
689832
689833
689834
689835
689836
689837
689838
689839
689840
689841
689842
689843
689844
689845
689846
689847
689848
689849
689850
689851
689852
689853
689854
689855
689856
689857
689858
689859
689860
689861
689862
689863
689864
689865
689866
689867
689868
689869
689870
689871
689872
689873
689874
689875
689876
689877
689878
689879
689880
689881
689882
689885
689886
689887
689888
689889
689890
689891
689892
689893
689894
689895
689896
689897
689898
689899
689900
689901
689902
689903
689924
689925
689926
689927
689928
689929
689930
689931
689932
689933
689934
689935
689936
689937
689938
689939
689940
689941
689942
689943
689944
689945
689946
689947
689948
689949
689950
689951
689952
689953
689954
689955
689956
689957
689958
689959
689960
689961
689962
689963
689964
689965
689966
689967
689968
689969
689970
689971
689972
689973
689974
689975
689976
689977
689978
689979
689980
689981
689982
689987
689989
689990
689991
689992
689993
689994
689995
689996
689997
689998
689999
690000
690001
690002
690003
690006
690007
690008
690009
690010
690031
690032
690033
690034
690035
690036
690037
690038
690039
690040
690041
690042
690043
690044
690045
690046
690047
690048
690049
690050
690051
690052
690053
690054
690055
690056
690057
690058
690059
690060
690061
690062
690063
690064
690065
690066
690067
690068
690069
690070
690071
690072
690073
690074
690075
690076
690077
690078
690079
690080
690081
690082
690083
690084
690085
690086
690087
690088
690089
690090
690091
690092
690093
690094
690095
690096
690097
690098
690099
690100
690101
690102
690103
690104
690105
690106
690107
690108
690109
690110
690133
690134
690135
690136
690137
690138
690139
690140
690141
690142
690143
690144
690145
690146
690147
690148
690149
690150
690151
690152
690153
690154
690155
690156
690157
690158
690159
690160
690161
690162
690163
690164
690165
690166
690167
690168
690169
690170
690171
690172
690173
690174
690175
690176
690177
690178
690182
690183
690185
690186
690187
690189
690193
690194
690195
690196
690199
690202
690205
690208
690211
690214
690216
690220
690222
690223
690224
690225
690226
690227
690228
690229
690230
690231
690234
690235
690236
690237
690238
690239
690260
690261
690262
690263
690264
690265
690266
690267
690268
690269
690270
690271
690272
690273
690274
690275
690276
690277
690278
690279
690280
690281
690282
690283
690284
690285
690286
690287
690288
690289
690290
690291
690292
690293
690294
690295
690296
690297
690298
690299
690300
690301
690302
690303
690304
690305
690306
690307
690308
690309
690310
690311
690312
690313
690314
690315
690316
690317
690318
690319
690320
690321
690322
690323
690324
690325
690326
690327
690328
690329
690330
690331
690332
690333
690334
690335
690336
690337
690338
690339
690362
690363
690364
690365
690366
690367
690368
690369
690370
690371
690372
690373
690374
690375
690377
690378
690379
690380
690381
690382
690383
690384
690385
690386
690387
690388
690389
690390
690391
690392
690393
690394
690395
690396
690397
690398
690399
690400
690401
690402
690403
690404
690405
690406
690407
690408
690409
690410
690411
690412
690413
690414
690415
690416
690417
690418
690419
690420
690421
690422
690423
690424
690425
690426
690427
690428
690429
690430
690431
690432
690433
690434
690435
690436
690437
690438
690439
690444
690445
690446
690467
690468
690469
690470
690471
690472
690473
690474
690475
690476
690477
690478
690479
690480
690481
690482
690483
690484
690485
690486
690487
690488
690489
690490
690491
690492
690493
690494
690497
690498
690499
690500
690501
690502
690503
690504
690505
690506
690507
690508
690509
690510
690511
690512
690513
690514
690515
690516
690517
690518
690519
690520
690521
690522
690523
690524
690525
690526
690527
690528
690529
690530
690531
690532
690533
690534
690535
690536
690537
690538
690539
690540
690541
690542
690543
690544
690545
690546
690547
690548
690569
690570
690571
690572
690573
690574
690575
690576
690577
690578
690579
690580
690581
690582
690583
690584
690585
690586
690587
690588
690589
690590
690591
690592
690593
690594
690595
690596
690597
690598
690599
690600
690601
690602
690603
690604
690605
690606
690607
690608
690609
690610
690611
690612
690613
690614
690615
690616
690617
690620
690621
690622
690623
690624
690625
690626
690627
690628
690629
690630
690631
690632
690633
690634
690635
690636
690637
690638
690639
690640
690641
690642
690643
690644
690645
690646
690648
690649
690650
690651
690672
690673
690674
690675
690676
690677
690678
690679
690680
690681
690682
690683
690684
690685
690686
690687
690688
690689
690690
690691
690692
690693
690694
690695
690696
690697
690698
690699
690700
690701
690702
690703
690704
690705
690706
690707
690708
690709
690710
690711
690712
690713
690714
690715
690716
690717
690718
690719
690720
690721
690722
690723
690724
690725
690726
690727
690728
690729
690730
690731
690732
690733
690734
690735
690736
690737
690738
690739
690740
690741
690742
690743
690744
690745
690746
690747
690748
690749
690750
690751
690774
690775
690776
690777
690778
690779
690780
690781
690782
690783
690784
690785
690786
690787
690788
690789
690790
690791
690792
690793
690794
690795
690796
690797
690798
690799
690800
690801
690802
690803
690804
690805
690806
690807
690808
690809
690810
690811
690812
690813
690814
690815
690816
690817
690818
690819
690820
690821
690822
690823
690824
690825
690826
690827
690828
690829
690830
690831
690832
690833
690834
690835
690836
690837
690838
690839
690840
690841
690842
690843
690844
690845
690846
690847
690848
690849
690850
690851
690852
690853
690874
690875
690876
690877
690878
690879
690880
690883
690884
690885
690886
690887
690888
690889
690890
690891
690892
690893
690894
690895
690896
690897
690898
690899
690900
690901
690902
690903
690904
690905
690906
690907
690908
690909
690910
690911
690912
690913
690914
690915
690916
690917
690918
690919
690920
690921
690922
690923
690924
690925
690926
690927
690928
690929
690930
690931
690932
690933
690934
690935
690936
690937
690938
690939
690940
690941
690942
690943
690944
690945
690946
690947
690948
690949
690950
690951
690952
690953
690954
690955
690976
690977
690978
690979
690980
690981
690982
690983
690984
690985
690986
690987
690988
690989
690990
690991
690992
690993
690994
690995
690996
690997
690998
690999
691000
691001
691004
691005
691006
691007
691008
691009
691010
691011
691012
691013
691014
691015
691016
691017
691018
691019
691020
691021
691022
691023
691024
691025
691026
691027
691028
691029
691030
691031
691032
691033
691034
691035
691036
691037
691038
691039
691040
691042
691043
691045
691047
691048
691049
691050
691052
691053
691055
691056
691057
691058
691059
691060
691061
691062
691083
691084
691085
691086
691087
691088
691089
691090
691091
691092
691093
691094
691095
691096
691097
691098
691099
691100
691101
691102
691103
691104
691105
691106
691107
691108
691109
691110
691111
691112
691113
691114
691115
691116
691117
691118
691119
691120
691121
691122
691123
691124
691125
691126
691127
691128
691129
691130
691131
691133
691134
691135
691136
691137
691138
691139
691140
691141
691142
691143
691144
691145
691146
691147
691148
691149
691150
691151
691152
691153
691155
691156
691158
691159
691160
691161
691162
691163
691164
691165
691186
691187
691188
691189
691190
691191
691192
691193
691194
691195
691196
691197
691198
691199
691200
691201
691202
691203
691204
691205
691206
691207
691208
691209
691210
691211
691212
691213
691214
691215
691216
691217
691218
691219
691220
691221
691222
691223
691224
691225
691226
691227
691228
691229
691230
691231
691232
691233
691234
691235
691236
691237
691238
691239
691240
691241
691242
691243
691244
691245
691246
691247
691248
691249
691250
691251
691252
691253
691254
691255
691256
691257
691258
691259
691260
691261
691262
691263
691264
691265
691288
691289
691290
691291
691292
691293
691294
691295
691296
691297
691298
691299
691300
691301
691302
691303
691304
691305
691306
691307
691308
691309
691310
691311
691312
691313
691314
691315
691316
691317
691318
691320
691321
691322
691323
691324
691325
691326
691327
691328
691329
691330
691331
691332
691333
691334
691335
691336
691337
691338
691339
691340
691341
691342
691343
691344
691345
691346
691347
691348
691349
691350
691351
691352
691353
691354
691355
691356
691357
691358
691359
691360
691361
691362
691363
691364
691365
691366
691367
691368
691389
691390
691391
691392
691393
691394
691395
691396
691397
691398
691399
691400
691401
691402
691403
691404
691405
691406
691407
691408
691409
691410
691411
691412
691413
691414
691415
691416
691417
691418
691419
691420
691421
691422
691423
691424
691425
691426
691427
691428
691429
691430
691431
691432
691433
691434
691435
691436
691437
691438
691439
691440
691441
691442
691443
691444
691445
691446
691447
691448
691449
691450
691451
691452
691453
691454
691455
691456
691457
691458
691459
691460
691461
691462
691463
691464
691465
691466
691467
691468
691491
691492
691493
691494
691495
691496
691497
691498
691499
691500
691501
691502
691503
691504
691505
691506
691507
691508
691509
691510
691511
691512
691513
691514
691515
691516
691517
691518
691519
691520
691521
691522
691523
691524
691525
691526
691527
691528
691529
691530
691531
691532
691533
691534
691535
691536
691537
691538
691539
691540
691541
691542
691543
691544
691545
691546
691547
691548
691549
691550
691551
691552
691553
691554
691555
691556
691557
691558
691559
691560
691561
691562
691563
691564
691565
691566
691567
691568
691569
691570
691591
691592
691593
691594
691595
691596
691597
691598
691599
691600
691601
691602
691603
691604
691605
691606
691607
691608
691609
691610
691611
691612
691613
691614
691615
691616
691617
691618
691619
691620
691621
691624
691625
691626
691627
691628
691629
691630
691631
691632
691633
691634
691635
691636
691637
691638
691639
691640
691641
691642
691643
691644
691645
691646
691647
691648
691649
691650
691651
691652
691653
691654
691655
691656
691657
691658
691659
691660
691661
691662
691663
691664
691665
691666
691667
691668
691669
691670
691671
691672
691693
691694
691695
691696
691697
691698
691699
691700
691701
691702
691703
691704
691705
691706
691707
691708
691709
691710
691711
691712
691713
691714
691715
691716
691717
691718
691719
691720
691721
691722
691723
691724
691725
691726
691727
691728
691729
691730
691731
691732
691733
691734
691735
691736
691737
691738
691739
691740
691741
691742
691743
691744
691745
691746
691747
691748
691749
691750
691751
691752
691753
691754
691755
691756
691757
691758
691759
691760
691761
691762
691763
691764
691765
691766
691767
691768
691769
691770
691771
691774
691795
691796
691797
691798
691799
691800
691801
691802
691803
691804
691805
691806
691807
691808
691809
691810
691811
691812
691813
691814
691815
691816
691817
691818
691819
691820
691821
691822
691823
691824
691825
691826
691827
691828
691829
691830
691831
691832
691833
691834
691835
691836
691837
691838
691839
691840
691841
691842
691843
691844
691845
691846
691847
691848
691849
691850
691851
691852
691853
691854
691855
691856
691857
691858
691859
691860
691861
691862
691863
691864
691865
691866
691867
691868
691869
691870
691871
691872
691873
691874
691896
691897
691898
691899
691900
691901
691902
691903
691906
691907
691908
691909
691910
691911
691912
691913
691914
691915
691916
691917
691918
691919
691920
691921
691922
691923
691924
691925
691926
691927
691928
691929
691930
691931
691932
691933
691934
691935
691936
691937
691938
691939
691940
691941
691942
691943
691944
691945
691946
691947
691948
691949
691950
691951
691952
691953
691954
691955
691956
691957
691958
691959
691960
691961
691966
691967
691968
691969
691970
691971
691972
691973
691974
691975
691976
691977
691978
691979
691980
691981
692002
692003
692004
692005
692006
692007
692008
692009
692010
692011
692012
692013
692014
692015
692016
692017
692018
692019
692020
692021
692022
692023
692024
692025
692026
692027
692028
692029
692030
692031
692032
692033
692034
692035
692036
692037
692038
692039
692040
692041
692042
692043
692044
692045
692046
692047
692048
692049
692050
692051
692052
692053
692054
692055
692056
692057
692058
692059
692060
692061
692062
692063
692064
692065
692066
692067
692068
692069
692070
692071
692072
692074
692075
692077
692078
692079
692080
692081
692082
692083
692104
692105
692106
692107
692108
692109
692110
692111
692112
692113
692114
692115
692116
692117
692118
692119
692120
692121
692122
692123
692124
692125
692126
692127
692128
692129
692130
692131
692132
692133
692134
692135
692136
692137
692138
692139
692140
692141
692142
692144
692145
692146
692147
692148
692149
692150
692151
692152
692153
692154
692155
692156
692157
692158
692159
692160
692161
692162
692163
692164
692165
692166
692167
692168
692169
692170
692171
692172
692173
692174
692175
692176
692177
692178
692179
692180
692181
692182
692183
692184
692207
692208
692209
692210
692211
692212
692213
692214
692215
692216
692217
692218
692219
692220
692221
692222
692223
692224
692225
692226
692227
692228
692229
692230
692231
692232
692233
692234
692235
692236
692237
692238
692239
692240
692241
692242
692243
692244
692245
692246
692247
692248
692249
692250
692251
692252
692253
692254
692255
692256
692257
692258
692259
692260
692261
692262
692263
692264
692265
692266
692267
692268
692269
692270
692271
692272
692273
692274
692275
692276
692277
692278
692279
692280
692281
692282
692283
692284
692285
692286
692307
692308
692309
692310
692311
692312
692313
692314
692315
692316
692317
692318
692319
692320
692321
692322
692323
692324
692325
692326
692327
692328
692329
692330
692331
692332
692333
692334
692335
692336
692337
692338
692339
692340
692341
692342
692343
692344
692345
692346
692347
692348
692349
692350
692351
692352
692353
692354
692355
692356
692357
692358
692359
692360
692361
692362
692363
692364
692365
692366
692367
692368
692369
692370
692371
692372
692373
692374
692375
692376
692377
692378
692379
692380
692381
692382
692383
692384
692385
692386
692407
692408
692409
692410
692411
692412
692413
692414
692415
692416
692417
692418
692419
692420
692421
692422
692423
692424
692425
692426
692427
692428
692429
692430
692431
692432
692433
692434
692435
692436
692437
692438
692439
692440
692441
692442
692443
692444
692445
692446
692447
692448
692449
692450
692451
692452
692453
692454
692455
692456
692457
692458
692459
692460
692461
692462
692463
692464
692465
692466
692467
692468
692469
692470
692471
692472
692473
692474
692475
692476
692477
692478
692479
692480
692481
692482
692483
692484
692485
692486
692507
692508
692509
692510
692511
692512
692513
692514
692515
692516
692517
692518
692519
692520
692521
692522
692523
692524
692525
692526
692527
692528
692529
692530
692531
692532
692533
692534
692535
692536
692537
692538
692539
692540
692541
692542
692543
692544
692545
692546
692547
692548
692549
692550
692551
692552
692553
