692554
692555
692556
692557
692558
692559
692560
692561
692562
692563
692564
692565
692566
692567
692568
692569
692570
692571
692572
692573
692574
692575
692576
692577
692578
692579
692580
692581
692582
692583
692584
692585
692586
692587
692588
692589
692590
692591
692592
692593
692594
692595
692596
692597
692598
692599
692600
692601
692602
692603
692604
692605
692606
692607
692608
692609
692610
692611
692612
692613
692614
692615
692616
692617
692618
692619
692620
692621
692622
692623
692624
692625
692626
692627
692628
692629
692630
692631
692632
692633
692634
692635
692636
692637
692638
692639
692640
692641
692642
692643
692644
692645
692646
692647
692648
692649
692650
692651
692652
692653
692654
692655
692656
692657
692658
692659
692660
692661
692662
692663
692664
692665
692666
692667
692668
692669
692670
692671
692672
692673
692674
692675
692676
692677
692678
692679
692680
692681
692682
692683
692684
692685
692686
692687
692688
692689
692690
692691
692692
692693
692694
692695
692696
692697
692698
692699
692700
692701
692702
692703
692704
692705
692706
692707
692708
692709
692710
692711
692712
692713
692714
692715
692716
692717
692718
692719
692720
692721
692722
692723
692724
692725
692726
692727
692728
692729
692730
692731
692732
692733
692734
692735
692736
692737
692738
692739
692740
692741
692742
692743
692744
692745
692746
692747
692748
692749
692750
692751
692752
692753
692754
692755
692756
692757
692758
692759
692760
692761
692762
692763
692764
692765
692766
692767
692768
692769
692770
692771
692772
692773
692774
692775
692776
692777
692778
692779
692780
692781
692782
692783
692784
692785
692786
692787
692788
692789
692790
692791
692792
692793
692794
692795
692796
692797
692798
692799
692800
692801
692802
692803
692804
692805
692806
692807
692809
692811
692812
692814
692816
692818
692821
692822
692826
692828
692829
692830
692833
692835
692837
692838
692840
692841
692843
692844
692845
692852
692855
692856
692862
692863
692865
692866
692867
692870
692874
692875
692881
692882
692884
692886
692887
692888
692889
692890
692891
692892
692893
692894
692895
692896
692897
692898
692899
692900
692901
692902
692903
692904
692905
692906
692907
692908
692909
692910
692911
692912
692913
692914
692915
692916
692917
692918
692919
692920
692921
692922
692923
692924
692925
692926
692927
692928
692929
692930
692931
692932
692933
692934
692935
692936
692937
692938
692939
692940
692941
692942
692943
692944
692945
692946
692947
692948
692949
692950
692951
692952
692953
692954
692955
692956
692957
692958
692959
692960
692961
692962
692963
692964
692965
692966
692967
692968
692969
692970
692971
692972
692973
692974
692975
692976
692977
692978
692979
692980
692981
692982
692983
692984
692985
692986
692987
692988
692989
692990
692991
692992
692993
692994
692995
692996
692997
692998
692999
693000
693001
693002
693003
693004
693005
693006
693007
693008
693009
693010
693011
693012
693013
693014
693015
693016
693017
693018
693019
693020
693021
693022
693023
693024
693025
693026
693027
693028
693029
693030
693031
693032
693033
693034
693035
693036
693037
693038
693039
693040
693041
693042
693043
693044
693045
693046
693047
693048
693049
693050
693051
693052
693053
693054
693055
693056
693057
693058
693059
693060
693061
693062
693063
693064
693065
693066
693067
693068
693069
693070
693071
693072
693073
693074
693075
693076
693077
693078
693079
693080
693081
693082
693083
693084
693085
693086
693087
693088
693089
693090
693091
693092
693093
693094
693095
693096
693097
693098
693099
693100
693101
693102
693103
693104
693105
693106
693107
693108
693109
693110
693111
693112
693113
693114
693115
693116
693117
693118
693119
693120
693121
693122
693123
693124
693125
693126
693127
693128
693129
693130
693131
693132
693133
693134
693135
693136
693137
693138
693139
693140
693141
693142
693143
693144
693145
693146
693147
693148
693149
693150
693151
693152
693153
693154
693155
693156
693157
693158
693159
693160
693161
693162
693163
693164
693165
693166
693167
693168
693169
693170
693171
693172
693173
693174
693175
693176
693177
693178
693179
693180
693181
693182
693183
693184
693185
693186
693187
693188
693189
693190
693191
693192
693193
693194
693195
693196
693197
693198
693199
693200
693201
693202
693203
693204
693205
693206
693207
693208
693209
693210
693211
693212
693213
693214
693215
693216
693217
693218
693219
693220
693221
693222
693223
693224
693225
693226
693227
693228
693229
693230
693231
693232
693233
693234
693235
693236
693237
693238
693239
693240
693241
693242
693243
693244
693245
693246
693247
693248
693249
693250
693251
693252
693253
693254
693255
693256
693257
693258
693259
693260
693261
693262
693263
693264
693265
693266
693267
693268
693269
693270
693271
693272
693273
693274
693275
693276
693277
693278
693279
693280
693281
693282
693283
693284
693285
693286
693287
693288
693289
693290
693291
693292
693293
693294
693295
693296
693297
693298
693299
693300
693301
693302
693303
693304
693305
693306
693307
693308
693309
693310
693311
693312
693313
693314
693315
693316
693317
693318
693319
693320
693321
693322
693323
693324
693325
693326
693327
693328
693329
693330
693331
693332
693333
693334
693335
693336
693337
693338
693339
693340
693341
693342
693343
693344
693345
693346
693347
693348
693349
693350
693351
693352
693353
693354
693355
693356
693357
693358
693359
693360
693361
693362
693363
693364
693365
693366
693367
693368
693369
693370
693371
693372
693373
693374
693375
693376
693377
693378
693379
693380
693381
693382
693383
693384
693385
693386
693387
693388
693389
693390
693391
693392
693393
693394
693395
693396
693397
693398
693399
693400
693401
693402
693403
693404
693405
693406
693407
693408
693409
693410
693411
693412
693413
693414
693415
693416
693417
693418
693419
693420
693421
693422
693423
693424
693425
693426
693427
693428
693429
693430
693431
693432
693433
693434
693435
693436
693437
693438
693439
693440
693441
693442
693443
693444
693445
693446
693447
693448
693449
693450
693451
693452
693453
693454
693455
693456
693457
693458
693459
693460
693461
693462
693463
693464
693465
693466
693467
693468
693469
693470
693471
693472
693473
693474
693475
693476
693477
693478
693479
693480
693481
693482
693483
693484
693485
693486
693487
693488
693489
693490
693491
693492
693493
693494
693495
693496
693497
693498
693499
693500
693501
693502
693503
693504
693505
693506
693507
693508
693509
693510
693511
693512
693513
693514
693515
693516
693517
693518
693519
693520
693521
693522
693523
693524
693525
693526
693527
693528
693529
693530
693531
693532
693533
693534
693535
693536
693537
693538
693539
693540
693541
693542
693543
693544
693545
693546
693547
693548
693549
693550
693551
693552
693553
693554
693555
693556
693557
693558
693559
693560
693561
693562
693563
693564
693565
693566
693567
693568
693569
693570
693571
693572
693573
693574
693575
693576
693577
693578
693579
693580
693581
693582
693583
693584
693585
693586
693587
693588
693589
693590
693591
693592
693593
693594
693595
693596
693597
693598
693599
693600
693601
693602
693603
693604
693605
693606
693607
693608
693609
693610
693611
693612
693613
693614
693615
693616
693617
693618
693619
693620
693621
693622
693623
693624
693625
693626
693627
693628
693629
693630
693631
693632
693633
693634
693635
693636
693637
693638
693639
693640
693641
693642
693643
693644
693645
693646
693647
693648
693649
693650
693651
693652
693653
693654
693655
693656
693657
693658
693659
693660
693661
693662
693663
693664
693665
693666
693667
693668
693669
693670
693671
693672
693673
693674
693675
693676
693677
693678
693679
693680
693681
693682
693683
693684
693685
693686
693687
693688
693689
693690
693691
693692
693693
693694
693695
693696
693697
693698
693699
693700
693701
693702
693703
693704
693705
693706
693707
693708
693709
693710
693711
693712
693713
693714
693715
693716
693717
693718
693719
693720
693721
693722
693723
693724
693725
693726
693727
693728
693729
693730
693731
693732
693733
693734
693735
693736
693737
693738
693739
693740
693741
693742
693743
693744
693745
693746
693747
693748
693749
693750
693751
693752
693753
693755
693756
693757
693758
693759
693760
693761
693762
693763
693764
693765
693766
693767
693768
693769
693770
693771
693772
693773
693774
693775
693776
693777
693778
693779
693780
693781
693782
693783
693784
693785
693786
693787
693788
693789
693790
693791
693792
693793
693794
693795
693796
693797
693798
693799
693800
693801
693802
693803
693804
693805
693806
693807
693808
693809
693810
693811
693812
693813
693814
693815
693816
693817
693818
693819
693820
693821
693822
693823
693824
693825
693826
693827
693828
693829
693830
693831
693832
693833
693834
693835
693836
693837
693838
693839
693840
693841
693842
693843
693844
693845
693846
693847
693848
693849
693850
693851
693852
693853
693854
693855
693856
693857
693858
693859
693860
693861
693862
693863
693864
693865
693866
693867
693868
693869
693870
693871
693872
693873
693874
693875
693876
693877
693878
693879
693880
693881
693882
693883
693884
693885
693886
693887
693888
693889
693890
693891
693892
693893
693894
693895
693896
693897
693898
693899
693900
693901
693904
693905
693906
693907
693908
693909
693910
693911
693912
693913
693914
693915
693916
693917
693918
693919
693920
693921
693922
693923
693924
693925
693926
693927
693928
693929
693930
693931
693932
693933
693934
693935
693936
693937
693938
693939
693940
693941
693942
693943
693944
693945
693946
693947
693948
693949
693950
693951
693952
693953
693954
693955
693956
693957
693958
693959
693960
693961
693962
693963
693964
693965
693966
693967
693968
693969
693970
693971
693972
693973
693974
693975
693976
693977
693978
693979
693980
693981
693982
693983
693984
693985
693986
693987
693988
693989
693990
693991
693992
693993
693994
693995
693996
693997
693998
693999
694000
694001
694002
694003
694004
694005
694006
694007
694008
694009
694010
694011
694012
694013
694014
694015
694016
694017
694018
694019
694020
694021
694022
694023
694024
694025
694026
694027
694028
694029
694030
694031
694032
694033
694034
694035
694036
694037
694038
694039
694040
694041
694042
694043
694044
694045
694046
694047
694048
694049
694050
694051
694052
694053
694054
694055
694056
694057
694058
694059
694060
694061
694062
694063
694064
694065
694066
694067
694068
694069
694070
694071
694072
694073
694074
694075
694076
694077
694078
694079
694080
694081
694082
694083
694084
694085
694086
694087
694088
694089
694090
694091
694092
694093
694094
694095
694096
694097
694098
694099
694100
694101
694102
694103
694104
694105
694106
694107
694108
694109
694110
694111
694112
694113
694114
694115
694116
694117
694118
694119
694120
694121
694122
694123
694124
694125
694126
694127
694128
694129
694130
694131
694132
694133
694134
694135
694136
694137
694138
694139
694140
694141
694142
694143
694144
694145
694146
694147
694148
694149
694150
694151
694152
694153
694154
694155
694156
694157
694158
694159
694160
694161
694162
694163
694164
694165
694166
694167
694168
694169
694170
694171
694172
694173
694174
694175
694176
694177
694178
694179
694180
694181
694182
694183
694184
694185
694186
694187
694188
694189
694190
694191
694192
694193
694194
694195
694196
694197
694198
694199
694200
694201
694202
694203
694204
694205
694206
694207
694208
694209
694210
694211
694212
694213
694214
694215
694216
694217
694218
694219
694220
694221
694222
694223
694224
694225
694226
694227
694228
694229
694230
694231
694232
694233
694234
694235
694236
694237
694238
694239
694240
694241
694242
694243
694244
694245
694246
694247
694248
694249
694250
694251
694252
694253
694254
694255
694256
694257
694258
694259
694260
694261
694262
694263
694264
694265
694266
694267
694268
694269
694270
694271
694272
694273
694274
694275
694276
694277
694278
694279
694280
694281
694282
694283
694284
694285
694286
694287
694288
694289
694290
694291
694292
694293
694294
694295
694296
694297
694298
694299
694300
694301
694302
694303
694304
694305
694306
694307
694308
694309
694310
694311
694312
694313
694314
694315
694316
694317
694318
694319
694320
694321
694322
694323
694324
694325
694326
694327
694328
694329
694330
694331
694332
694333
694334
694335
694336
694337
694338
694339
694340
694341
694342
694343
694344
694345
694346
694347
694348
694349
694350
694351
694352
694353
694354
694355
694356
694357
694358
694359
694360
694361
694362
694363
694364
694365
694366
694367
694368
694369
694370
694371
694372
694373
694374
694375
694376
694377
694378
694379
694380
694381
694382
694383
694384
694385
694386
694387
694388
694389
694390
694391
694392
694393
694394
694395
694396
694397
694398
694399
694400
694401
694402
694403
694404
694405
694406
694407
694408
694409
694410
694411
694412
694413
694414
694415
694416
694417
694418
694419
694420
694421
694422
694423
694424
694425
694426
694427
694428
694429
694430
694431
694432
694433
694434
694435
694436
694437
694438
694439
694440
694441
694442
694443
694444
694445
694446
694447
694448
694449
694450
694451
694452
694453
694454
694455
694456
694457
694458
694459
694460
694461
694462
694463
694464
694465
694466
694467
694468
694469
694470
694471
694472
694473
694474
694475
694476
694477
694478
694479
694480
694481
694482
694483
694484
694485
694486
694487
694488
694489
694490
694491
694492
694493
694494
694495
694496
694497
694498
694499
694500
694501
694502
694503
694504
694505
694506
694507
694508
694509
694510
694511
694512
694513
694514
694515
694516
694517
694518
694519
694520
694521
694522
694523
694524
694525
694526
694527
694528
694529
694530
694531
694532
694533
694534
694535
694536
694537
694538
694539
694540
694541
694542
694543
694544
694545
694546
694547
694548
694549
694550
694551
694552
694553
694554
694555
694556
694557
694558
694559
694560
694561
694562
694563
694564
694565
694566
694567
694568
694569
694570
694571
694572
694573
694574
694575
694576
694577
694578
694579
694581
694582
694583
694585
694586
694587
694588
694589
694590
694592
694593
694594
694595
694596
694597
694598
694599
694600
694601
694602
694603
694604
694605
694606
694607
694608
694609
694610
694611
694612
694613
694614
694615
694616
694617
694618
694619
694620
694621
694622
694623
694624
694625
694626
694627
694628
694629
694630
694631
694632
694633
694634
694635
694636
694637
694638
694639
694640
694641
694642
694643
694644
694645
694646
694647
694648
694649
694650
694651
694652
694653
694654
694655
694656
694657
694658
694659
694660
694661
694662
694663
694664
694665
694666
694667
694668
694669
694670
694671
694672
694673
694674
694675
694676
694677
694678
694679
694680
694681
694682
694683
694684
694685
694686
694687
694688
694689
694690
694691
694692
694693
694694
694695
694696
694697
694698
694699
694700
694701
694702
694703
694704
694705
694706
694707
694708
694709
694710
694711
694712
694713
694714
694715
694716
694717
694718
694719
694720
694721
694722
694723
694724
694725
694726
694727
694728
694729
694730
694731
694732
694733
694734
694735
694736
694737
694738
694739
694740
694741
694742
694743
694744
694745
694746
694747
694748
694749
694750
694751
694752
694753
694754
694755
694756
694757
694758
694759
694760
694761
694762
694763
694764
694765
694766
694767
694768
694769
694770
694771
694772
694773
694774
694775
694776
694777
694778
694779
694780
694781
694782
694783
694784
694785
694786
694787
694788
694789
694790
694791
694792
694793
694794
694795
694796
694797
694798
694799
694800
694801
694802
694803
694804
694805
694806
694807
694808
694809
694810
694811
694812
694813
694814
694815
694816
694817
694818
694819
694820
694821
694822
694823
694824
694825
694826
694827
694828
694829
694830
694831
694832
694833
694834
694835
694836
694837
694838
694839
694840
694841
694842
694843
694844
694845
694846
694847
694848
694849
694850
694851
694852
694853
694854
694855
694856
694857
694858
694859
694860
694861
694862
694863
694864
694865
694866
694867
694868
694869
694870
694871
694872
694873
694874
694875
694876
694877
694878
694879
694880
694881
694882
694883
694884
694885
694886
694887
694888
694889
694890
694891
694892
694893
694894
694895
694896
694897
694898
694899
694900
694901
694902
694903
694904
694905
694906
694907
694908
694909
694910
694911
694912
694913
694914
694915
694916
694917
694918
694919
694920
694921
694922
694923
694924
694925
694926
694927
694928
694929
694930
694931
694932
694933
694934
694935
694936
694937
694938
694939
694940
694941
694942
694943
694944
694945
694946
694947
694948
694949
694950
694951
694952
694953
694954
694955
694956
694957
694958
694959
694960
694961
694962
694963
694964
694965
694966
694967
694968
694969
694970
694971
694972
694973
694974
694975
694976
694977
694978
694979
694980
694981
694983
694984
694985
694986
694987
694988
694989
694990
694991
694992
694993
694994
694995
694996
694997
694998
694999
695000
695001
695002
695003
695004
695005
695006
695007
695008
695009
695010
695011
695012
695013
695014
695015
695016
695017
695018
695019
695020
695021
695022
695023
695024
695025
695026
695027
695028
695029
695030
695031
695032
695033
695034
695035
695036
695037
695038
695039
695040
695041
695042
695043
695044
695045
695046
695047
695048
695049
695050
695051
695052
695053
695054
695055
695056
695057
695058
695059
695060
695061
695062
695063
695064
695065
695066
695067
695068
695069
695070
695071
695072
695073
695074
695075
695076
695077
695078
695079
695080
695081
695082
695083
695084
695085
695086
695087
695088
695089
695090
695091
695092
695093
695094
695095
695096
695097
695098
695099
695100
695101
695102
695103
695104
695105
695106
695107
695108
695109
695110
695111
695112
695113
695114
695115
695116
695117
695118
695119
695120
695121
695122
695123
695124
695125
695126
695127
695128
695129
695130
695131
695132
695133
695134
695135
695136
695137
695138
695139
695140
695141
695142
695143
695144
695145
695146
695147
695148
695149
695150
695151
695152
695153
695154
695155
695156
695157
695158
695159
695160
695161
695162
695163
695164
695165
695166
695167
695168
695169
695170
695171
695172
695173
695174
695175
695176
695177
695178
695179
695180
695181
695182
695183
695184
695185
695186
695187
695188
695189
695190
695191
695192
695193
695194
695195
695196
695197
695198
695199
695200
695201
695202
695203
695204
695205
695206
695207
695208
695209
695210
695211
695212
695213
695214
695215
695216
695217
695218
695219
695220
695221
695222
695223
695224
695225
695226
695227
695228
695229
695230
695231
695232
695233
695234
695235
695236
695237
695238
695239
695240
695241
695242
695243
695244
695245
695246
695247
695248
695249
695250
695251
695252
695253
695254
695255
695256
695257
695258
695259
695260
695261
695262
695263
695264
695265
695266
695267
695268
695269
695270
695271
695272
695273
695274
695275
695276
695277
695278
695279
695280
695281
695282
695283
695284
695285
695286
695287
695288
695289
695290
695291
695292
695293
695294
695295
695296
695297
695298
695299
695300
695301
695302
695303
695304
695305
695306
695307
695308
695309
695310
695311
695312
695313
695314
695315
695316
695317
695318
695319
695320
695321
695322
695323
695324
695325
695326
695327
695328
695329
695330
695331
695332
695333
695334
695335
695336
695337
695338
695339
695340
695341
695342
695343
695344
695345
695346
695347
695348
695349
695350
695351
695352
695353
695354
695355
695356
695357
695358
695359
695360
695361
695362
695363
695364
695365
695366
695367
695368
695369
695370
695371
695372
695373
695374
695375
695376
695377
695378
695379
695380
695381
695382
695383
695384
695385
695386
695387
695388
695389
695390
695391
695392
695393
695394
695395
695396
695397
695398
695399
695400
695401
695402
695403
695404
695405
695406
695407
695408
695409
695410
695411
695412
695413
695414
695415
695416
695417
695418
695419
695420
695421
695422
695423
695424
695425
695426
695427
695428
695429
695430
695431
695432
695433
695434
695435
695436
695437
695438
695439
695440
695441
695442
695443
695444
695445
695446
695447
695448
695449
695450
695451
695452
695453
695454
695455
695456
695457
695458
695459
695460
695461
695462
695463
695464
695465
695466
695467
695468
695469
695470
695471
695472
695473
695474
695475
695476
695477
695478
695479
695480
695481
695482
695483
695484
695485
695486
695487
695488
695489
695490
695491
695492
695493
695494
695495
695496
695497
695498
695499
695500
695501
695502
695503
695504
695505
695506
695507
695508
695509
695510
695511
695512
695513
695514
695515
695516
695517
695518
695519
695520
695521
695522
695523
695524
695525
695526
695527
695528
695529
695530
695531
695532
695533
695534
695535
695536
695537
695538
695539
695540
695541
695542
695543
695544
695545
695546
695547
695548
695549
695550
695551
695552
695553
695554
695555
695556
695557
695558
695559
695560
695561
695562
695563
695564
695565
695566
695567
695568
695569
695570
695571
695572
695573
695574
695575
695576
695577
695578
695579
695580
695581
695582
695583
695584
695585
695586
695587
695588
695589
695590
695591
695592
695593
695594
695595
695596
695597
695598
695599
695600
695601
695602
695603
695604
695605
695606
695607
695608
695609
695610
695611
695612
695613
695614
695615
695616
695617
695618
695619
695620
695621
695622
695623
695624
695625
695626
695627
695628
695629
695630
695631
695632
695633
695639
695640
695641
695642
695643
695644
695645
695646
695647
695648
695649
695650
695651
695652
695653
695654
695655
695656
695657
695658
695659
695660
695661
695662
695663
695664
695665
695666
695667
695668
695669
695670
695671
695672
695673
